11 1111111111111111111111.1111. m

1111111111τὶ 11111133 44444442444 1115111111111111111511515
11515113151111ῑι11111 11111111( 1111111 1111111111 1111111“111111
111111111511111111 1111151111 [11111151 111111111111 11151111 1111111·
111511·,11111111’111151111.11.11111111111111. ·. ·, · ,.

1111, 1111151111 1111111111 1111115111115111 1111111 4444444444'
11111111. 3111511111 11, 1111. V. 311.Ι 1. ,3. si 1,1111 ,111111-
; 5111- 1551151111 111111111111,11111 tolerabilem 1111 51111111..
, 11511· 1111111 11 Ι.1711 1.,,36171111111111 4444 11111 1115111,
111151, 1511 ,1111111511 15151111. 1111111511Ρ11, 111111. Cod.
1 (1131111111. 2171111151· 1111111, 11111111. 351 4337. 11.,
311111 444: VIII· ,1111111111 3411111511115111111
11111.- 13113111. 1351. 1111115111 1111135111,Ηί111111111
11111 ...1Ι 354. X 111 1511351111 3111151111 441- 1111154384. 1111-
1115111131 1111115111111111111111 αἴρειν 11.,1111111111 1111
1111111111 11111 11111111 11511111 111111111111. 1111111. Μ11111. 1., “
113.11111111.,11.5; 11. Philode (11111.Ρ111,1.7315.(1113111
738. (17111151. 3111. 333. (1411111131. 1 33 11111111
= 11111111 1. 391. 311111. A44. Χ1.11 134.11111.1,)1111.1,
355173 111 1111 1111111111 1111111 nol 4 444444 1111111111
...5111111111611η,,115,.11 351111111111111111511111351111) 111111 Ι
1131111111, 11116111511111111151111111351151. civ 3135. 111·
11131.1111111111.1.11..1..1.41..1.111. 1341131111.
111 7,3,11111111.1111111111111·1 311111 7111 1111111
..11111111111111131111 1111111 11111 1111111 111111 11111111
1111111 3111111111 633. 111 (11111 11 01511. 1111111, 11111, 14,
111..1.111.1111111.111.1.1,..18 1111111111. 351774. 7,

1133131111 1115111511. 311155. 11111111. 111127. [1111
13111111 1111711 1111010 111. A· 5111151111 (1111. p 74. 43. ’
111111..111111111.112.] 11311511111111111113111 111115
1141111111 1111.11111111511.15111111.11111111 1111111111· 11111.
111 11 1111111 1111111 1111113111 1111111111. 11 11111111 11111111
’1115111311 1111111 1111111111...1111111311 111111·
1111111115 1151111111 111145 15111111. 311. 3 ,343 11111111111
Anu. XIV. 10. pro quo Aesohines 1151111111111 1.,1313.

1111151111 1151111111 11511511 3 4111111111511 11111λό-

 

