·1110110111111111111111111111 3 7.

1111111111 ,11111111111141111 ,41111111 ,111111 11111111 1111
1111111111,11111111111,1111111111111111111.Η11,.,’11 11911,
31, 1111111111 1311111111, ’41111111 4444· 341· ,111111 111191 11
1111111111,11111,911,1,,1(,1, 131, ’11111111111111111111

1119111,1,1111,,,111311111111,111111 111111 11111· 11 11111111
1111111 1114111111, 111, 1111111. 1111 11111 1111111111 11111,
4111111414 1111111111, 11111111, ,1111111

111111 ,1111111111 1.11111 1111111 1111111111 111111. 1111111, ’

441: 11,1.1,111,1,11,,111 44.. ,11111111 1, ,591 Diod 1111,
44. 1111111 434 1111111, 9111411111, 9113391111, 111
13, 4: 1111911119 19 31111111111111111111111111111,
11111111111111119111111911 1111111 11111111 11111111,
414. 111111119111111111 1111111 1111111 11911 1,
4111111, 111111 ,11191111 1911111. 1111111, 1111111 1111 1111 ‘
11111111 ,1111111 ·.· ,111 111911111111111141111111, 111
91111 1111111 111111111114111111119111,’11,’111,Χ111,

1111111 11111 1111111· 111· 111111.. 111111· 1111111111, 111111 .

1111111111 111· ,11111111 1111114111 1111111111 11111 1111111111
11111111111111111111,1111111,· 1111111 111111, 1111111
4414 111111111111141111111 1111111111111111,11111111 11,
1111111111 9111 1111111111 1111, 11111 1111111111 1111111111.
11131111 ,1111111 11, 11911 1111111 111 1111111111111111,

1191111911· 1,,3791111111111111119191119111111,111

1119911131.9111,,119·.,11,11111,1111,111111111·91111,
911, 11,. 44. ,,4511 111111, ,,911. 111111 Ρ111,,1 11111111
4414 ,1111111 1111, ..1444 11111111, ,1111111111 ..1111111 311111,
91411, 111, ,4341 4111 4141. 11111 11113111111111, 111111, 11111

Apud Η1111111111 plerosque Grammaticorum, sed 11111 Cal·
1411111οΧ1Χ 4134111411Λ11111911η 11111.ΗΧ.4443 Α.
9114414 41796 34111. ’19 1414, 1414141) 111ο,1 141114 cum.
1111111111 1114114141311 14444414141 14141141 1114114111 411111
111911,111119111116111111111 1111111311 1111111111
9, 3111419114. 113. 4414 ,11114193 1919191941, 7904 19,.”141φ11114’πᾰν
4191111413 wesin: 4587'2' 4911414114 1111111911ρς ’,·Χ111419. ,
ΜΝ·,,,·-,, 1,,’,“”1., .. ·· .,·’ :-
m Μω411111ῢ1111111111111111111111 111111 1111111,
11,... ,,,·-11,’1.·,, 1111, .

 

